OFF
644 1284 0

45.0004 74.9498 53.098
66.6549 84 57.4944
84 65.3262 43.9129
45.0001 64.7634 62.815
45.0005 63.3419 63.9216
60.5008 83.9996 67.6023
51.9608 84.0005 50.8652
56.0074 83.9999 60.6467
56.8933 72.7825 21.9987
83.9996 61.3949 55.6228
62.2742 75.4745 72.0009
45.0004 70.6758 68.2654
60.662 65.0325 71.9997
82.7816 75.6265 72
63.2272 74.2644 72.0001
68.8178 44.9992 46.0834
58.1257 70.0098 72.0002
84.0003 58.3863 70.0199
45.0004 75.5443 50.7038
60.0213 79.4515 21.9989
63.8617 71.2009 72.0004
65.9841 76.6552 71.9994
45.0002 57.3703 65.5518
48.9267 84.0004 63.5667
83.9998 67.9458 35.9565
58.7525 83.9992 56.2944
64.2459 84.0006 65.2479
54.7189 83.9996 53.5927
67.2089 76.9079 71.9995
78.0627 64.927 22.0003
45.0007 71.7134 58.3482
83.9992 63.9596 60.5325
74.9865 44.9992 67.3326
83.9995 69.1643 57.8123
44.9997 47.3487 43.8948
69.9447 84 41.1961
50.1388 66.8053 21.9993
84.0006 68.6263 54.9683
65.8629 44.9995 47.2455
66.0908 78.4031 72.0002
83.9991 74.8032 66.3031
44.9994 80.3935 48.0979
44.9997 74.6722 42.9759
72.5595 84.0001 70.587
84 72.5898 69.1416
60.0301 84.0006 58.3148
84.0009 51.7168 58.1552
44.9994 57.5132 60.8358
67.3334 75.621 72
54.9316 44.9995 28.9663
84.0012 76.5288 70.4687
69.4598 84.0007 62.3297
46.7244 45.0001 54.3481
61.1468 74.2196 71.9999
81.788 44.9999 71.9613
44.9998 56.3979 47.3833
61.8699 73.1151 72.0005
73.0245 71.8861 22.0006
81.6475 53.7557 72.0001
65.1788 70.114 72.0004
84.0001 70.9508 39.4066
67.6669 84.001 64.1238
71.4938 84.0003 50.9036
45.1902 45 56.0771
45.0004 76.3726 56.0896
84.0005 78.2206 28.085
58.7983 73.179 71.9994
83.9996 59.5947 55.6868
45.0007 69.9414 62.4259
83.9997 68.0799 71.7324
51.9901 66.6203 72.0004
44.9994 79.9849 53.6035
46.0272 45 47.2515
58.8049 45.0002 46.3996
66.5358 78.522 72.0003
54.2425 44.9999 30.764
61.8655 73.0433 72.0007
83.9996 72.8039 62.2683
84.0007 52.1885 71.6649
84.0007 65.2321 35.2946
83.9999 62.5187 58.9514
44.9996 60.05 48.0986
44.9996 75.8069 54.5761
66.7044 84.0001 65.6855
58.2896 84.0004 57.1348
69.6835 83.9994 54.7013
50.6865 44.9997 44.4791
77.6547 84.0001 50.8092
75.0948 44.9995 47.5336
77.0002 45.0001 44.2394
84.0003 74.0672 56.28
82.5675 44.999 63.5715
62.2228 73.4267 72.0005
65.3358 84.0002 70.5736
74.2946 84.0003 48.4368
73.2673 44.9995 63.3619
50.3556 44.9992 56.8841
84.0004 79.5453 58.5524
45.0003 70.4631 71.7025
44.9989 75.1774 66.0622
60.7161 73.1487 71.9998
61.2924 73.1139 71.9999
65.9488 45.0008 34.2197
44.9993 54.4715 26.1882
65.5388 81.3601 72.0007
74.6746 76.9807 71.9997
62.2352 73.057 72
61.2449 70.3683 72.0007
61.5812 73.0965 71.9995
61.3544 71.7396 71.9993
84.0005 60.2484 48.723
45.7563 45.0002 26.4806
65.9283 79.9028 71.9999
44.9995 52.7059 54.3635
45.0007 67.6922 50.0251
60.2324 44.9996 32.0288
45.0002 60.4592 36.3291
57.9786 78.1997 71.9998
83.2088 84.0009 39.3769
58.7621 47.9924 72.0003
70.9449 76.6199 71.9991
83.9993 58.7368 63.8451
83.9997 68.6342 27.2402
70.049 80.8917 71.9992
61.838 79.5901 72.0006
63.2013 73.2745 72.0011
60.4302 84.0002 45.0589
56.3503 83.9999 55.519
62.0497 73.0682 72.0005
62.0904 72.2007 72.0008
70.2691 44.9994 54.1115
65.6894 73.7046 71.9991
79.7333 82.3213 71.9997
50.2174 44.9989 28.1904
67.3524 54.0458 21.9998
45.0007 66.6482 66.7024
61.3961 72.43 72.0007
62.015 72.6318 72.0006
84.0001 46.1835 50.4865
73.6182 68.4424 72.0004
44.9999 61.5831 60.196
70.5839 84.0009 66.9991
61.4727 73.7001 72
65.0051 44.999 40.7267
66.5492 77.5802 71.9995
51.722 84.0007 57.7848
61.7267 73.0877 71.9994
61.6317 72.7235 71.9997
61.7318 73.4487 72.0002
66.3273 44.9995 68.7244
83.9992 60.3737 52.2474
84.0007 53.3573 50.7325
52.5538 72.8482 72.0004
70.0317 71.6429 72.0007
44.9998 72.747 55.3627
62.9866 84.0004 55.0311
44.9999 46.4806 35.13
58.9103 83.9994 51.6969
45.0005 82.4288 28.3322
44.9993 49.5445 62.9545
45.0003 48.6601 54.3638
81.9704 79.2985 72.0004
84.0008 83.1389 65.4979
83.9992 53.5583 38.6011
53.6564 51.97 21.9998
62.0018 73.9861 72
77.2545 83.9996 65.664
66.1254 79.1655 72.0002
63.9327 78.8831 72.0004
68.0651 80.0789 72.0009
45.0008 67.54 55.2316
62.7247 72.5338 72.0006
84.0012 65.6916 57.507
45.0006 71.5645 50.9866
57.3382 44.999 30.9195
62.2686 44.9992 22.3856
56.0216 44.9999 38.6849
60.4828 44.9998 27.0451
44.9991 59.313 42.1811
80.4407 49.3572 72.0008
70.7828 54.3718 72.0003
84.0009 67.5848 31.5426
84.0004 56.9815 27.5073
84.0004 65.5914 50.2974
79.4945 83.9994 44.6377
44.9997 77.5447 52.5809
84.0007 65.6196 39.6001
60.3753 72.1452 71.9993
59.8973 76.476 71.9992
84.0003 74.016 33.2384
83.9998 59.4031 41.3437
64.9988 79.2593 72.001
63.905 80.6603 72.001
69.0517 76.4367 71.9997
84.0006 61.0574 61.7303
83.9998 63.9115 67.1927
83.9996 56.9289 59.5307
67.7671 44.9995 27.165
76.8741 45.0008 33.2739
44.9993 50.6827 48.8269
44.999 58.6736 54.9525
62.8629 71.5003 72.0007
62.8825 69.7501 72.0006
64.6478 66.0378 71.9996
64.4345 58.4795 71.9998
61.1645 67.6774 71.9999
67.2005 79.3986 72.0004
68.756 78.3114 72
51.9595 45.0006 50.7199
60.171 44.9992 56.1474
60.9123 83.9094 71.9995
67.9963 83.0745 72.0008
66.2787 84.0007 60.9438
62.6976 73.2576 72
61.7399 72.8898 72.0007
84.0001 72.989 48.8122
76.5342 59.6904 72.0006
57.4763 84.0007 56.1392
55.69 84.0005 58.0501
58.0002 84.0007 53.8557
69.8305 84.0005 46.1916
70.2255 74.1796 72.0005
74.1131 72.6069 71.9992
45.0008 83.8617 38.4674
44.9999 67.0915 40.6665
83.9995 62.8246 28.1024
44.9992 81.4383 59.5826
55.6005 45.0007 34.6193
50.3099 45.0001 37.2218
61.9552 73.0739 71.9993
62.0149 73.3065 72.0011
61.9893 72.8534 72.0001
44.9992 61.6114 69.335
52.2414 55.4273 72.0006
61.6646 73.2691 72.0003
61.4744 73.4426 72.0011
60.9896 73.5682 72.0005
59.7714 74.0637 71.9994
57.6842 75.382 72.0006
53.578 77.2352 72.0009
54.4887 83.6014 71.9996
47.2751 76.3936 71.9994
60.3325 73.6978 72.0001
59.7836 72.9058 71.9993
58.8913 71.6011 71.9998
55.7188 72.2059 71.9996
62.6651 73.9174 71.9987
68.7471 44.9992 50.2414
44.9991 77.9091 54.6528
45.0004 79.1348 57.5035
45.0004 77.3016 61.8501
78.8707 69.9299 72.0009
64.4023 73.7383 71.9991
64.5147 75.5647 71.9994
62.0092 73.184 71.9994
62.1878 73.2371 71.9996
62.4442 73.2084 72.0011
62.637 72.8929 71.9995
63.844 72.3372 72.0001
65.4582 71.794 71.9993
67.7065 70.557 71.9993
70.2088 68.2316 72.0006
72.2362 63.1202 72.0011
55.8333 45.0003 22.5912
63.7504 44.9996 52.1654
62.2632 72.7729 72.0003
66.1287 84.0003 50.6764
63.1002 72.8159 72.0007
63.248 72.2282 72.0004
63.6963 72.9249 72.0007
64.6125 72.8428 72.0003
84.0012 60.5695 57.7555
79.9192 45.0002 48.1259
78.193 44.9995 56.1147
84.0002 49.0596 44.0404
52.4947 45.0006 29.0632
49.7907 45 32.711
52.7155 45.0008 25.08
44.9993 73.5652 33.0134
44.9993 70.7332 46.0559
59.4849 84.0003 57.2454
61.6604 84.0005 56.8099
63.0288 83.9993 59.9279
60.3337 84.0005 55.8342
67.6127 78.0663 72.0003
44.999 53.2785 37.9608
45.0005 65.2914 64.9596
44.999 63.0537 66.8128
45.0003 67.9441 64.2941
61.9845 73.5989 71.9994
62.296 73.779 72.0005
62.5588 74.7183 72.0003
63.3966 75.4653 72.0006
62.8505 77.3019 72.0011
76.1491 52.8995 72.0008
84 53.0423 63.6953
59.7394 83.9996 62.4491
60.1407 62.3077 21.9998
61.9443 72.9593 72.0002
56.3396 84.0013 33.2784
55.8921 84.0003 65.6504
62.5181 73.5047 72.0008
62.9073 73.5986 72.0002
63.4155 73.7642 72.0008
63.9217 74.2403 71.9994
64.8298 74.6287 71.9991
65.7357 75.4547 71.9998
74.6336 83.9995 54.7306
45.0005 62.8799 61.8618
44.9991 65.6012 58.8217
44.9998 60.0404 63.5804
58.1394 66.8819 71.9994
55.6909 60.8969 71.9994
64.8591 77.9567 72.0009
50.9205 79.6521 21.999
72.6264 44.9995 43.9077
75.215 44.9993 38.7765
82.5885 45.0008 37.9983
84.0006 79.164 51.7324
45.0001 74.5211 55.9192
44.9992 75.1488 59.2421
44.9992 64.937 69.5632
48.7152 63.0993 71.9996
68.7951 83.9994 65.8966
68.1267 83.999 68.9835
70.9223 83.999 64.4476
74.655 84.0011 60.3061
73.8805 83.9992 66.1382
63.8926 82.9464 71.9995
62.588 84.0003 69.6253
44.9995 82.4219 56.1774
47.3255 83.9999 52.2426
80.5658 83.9993 56.1763
47.7258 44.9995 56.7819
48.8155 44.9992 62.6251
45.3991 45.0008 60.239
47.4072 47.0241 72.0007
55.628 45.0009 61.3755
48.9339 45.0007 59.5798
52.0799 44.9999 61.2271
53.1742 44.9991 68.2921
64.1408 83.9996 57.2754
45.0007 50.6833 58.4964
60.424 74.4513 72.0001
59.4856 75.288 72.0001
61.1196 75.3779 71.9999
61.5908 76.6946 72.0008
83.9996 78.3354 43.8752
83.999 56.501 53.1783
84.0004 55.1006 70.1388
83.999 51.9169 67.6053
66.9455 80.6122 71.9993
68.0924 81.5781 72.0002
62.3569 74.1779 71.9993
61.8612 74.671 72
54.9932 68.4321 71.9994
61.8895 73.2509 72.0004
61.892 73.4146 71.9993
66.8837 67.8192 71.9994
68.1802 63.8981 72.0003
69.3631 59.1026 72.0008
72.2974 83.999 61.9341
70.3812 84.0005 58.564
62.2792 72.4559 71.9998
62.5826 72.0341 72.0003
62.1088 71.4448 71.9998
62.5486 70.6216 71.9993
84.0006 56.6256 66.8226
84.0007 80.1922 68.4599
57.996 84.0003 59.4415
45.0006 73.6662 62.6584
64.9986 73.0488 22
70.4543 82.4259 21.9999
60.53 78.2435 72.0007
59.2094 80.8349 71.9995
55.9814 80.7376 72.0007
52.34 80.6606 72.0007
50.855 83.9996 68.3549
61.8632 72.8624 71.9992
61.7735 72.7496 72.001
61.7612 72.4178 71.9994
61.7304 72.5851 71.9991
61.5414 72.5547 72.0008
61.2422 72.7565 72.0004
60.8607 72.3772 71.9991
61.9174 72.7328 71.9988
61.7125 71.9859 72.0003
76.0307 83.9995 69.1972
78.7893 76.6702 71.9999
65.0496 84.0001 67.8578
63.859 76.6023 72.0001
83.9997 78.7998 64.128
45.0006 70.7483 65.2904
45.0008 63.1048 55.1551
83.9997 48.9119 30.4733
77.7053 45.0003 22.1921
69.4861 82.419 71.9997
71.7681 82.3927 72.0005
75.139 82.3532 72.0007
72.8092 79.4654 72.0008
69.2916 84 70.6872
56.928 84.0001 57.417
76.3261 84.0001 38.4591
69.5709 83.9997 31.5168
77.9119 44.9999 63.7084
45.0005 80.8819 66.2973
53.994 44.9991 57.9532
66.245 44.9989 43.8794
69.4495 45.0006 40.799
62.0416 44.9994 43.7123
60.6013 45.0007 39.3191
57.661 63.5843 72.0004
60.0787 59.746 72.0002
60.6907 53.7269 72.001
84.0004 63.6348 63.8604
83.9998 68.5776 65.1276
65.7019 44.9991 57.5194
62.7555 74.3369 72.0001
63.058 74.7344 72.0005
62.792 75.2377 72.0007
62.84 76.0272 71.9996
63.5887 74.66 71.9997
64.2135 74.8138 71.9993
61.6498 44.9996 62.0202
44.9991 57.5537 51.1625
84.0006 59.3469 33.2656
47.8172 84.0011 58.4784
44.9996 79.7187 50.8158
45 82.9427 50.1735
48.8223 84.0007 46.2696
74.9944 84.001 63.3186
79.4447 84.0011 61.2918
65.7344 83.9998 64.0102
63.3479 83.9996 62.6541
66.4237 78.0494 71.9992
65.6656 77.5954 71.9993
67.0196 77.9573 72.0005
64.8707 76.9017 72.0004
67.2068 78.6073 72.0007
68.0497 78.8169 71.9996
69.027 79.4361 72.001
70.6173 78.458 71.9997
69.0851 63.7308 21.9992
57.3813 72.3038 72.0003
56.4502 73.9495 72.0001
55.4992 76.0164 71.9999
54.3921 73.7876 71.9996
52.5278 75.1673 72.0006
49.4796 73.9735 72.0005
50.3233 77.5875 71.9992
46.7986 82.0987 72.0008
49.7542 69.9621 71.9992
53.7164 44.9994 64.5909
58.7152 45.0006 67.2135
53.75 84 56.0673
50.4938 83.999 54.2785
62.0648 72.9481 72.0006
62.1282 72.82 72.001
54.6274 84.0009 45.6747
56.9249 83.9994 39.6756
63.4157 83.9992 35.8564
67.3312 72.5366 72.0006
70.4798 45.0001 66.9265
72.2947 48.0522 72.0003
68.1194 44.9991 62.2084
76.8247 45.8521 72.0006
61.8018 73.0832 71.9993
61.7714 73.2043 72
61.7585 72.9904 72.0007
61.6221 72.9636 72.0005
61.4291 72.9769 71.9999
45.0004 73.9476 70.193
61.4173 83.9995 64.7749
79.7597 64.3407 71.9992
58.7868 84.0007 58.275
59.3692 83.999 59.5212
61.1974 84.0003 59.7385
58.5882 83.999 61.1073
57.2744 84.0009 63.3992
54.2793 84.0001 63.1101
52.7587 83.9992 65.8576
54.5195 83.9991 68.6891
57.6888 83.9997 70.3979
84.0001 48.878 64.6136
84.0008 47.7072 60.2459
83.9994 47.6549 55.2554
65.5962 84.0006 55.108
56.5016 84.0001 51.9527
57.3302 83.9993 48.2866
84.0007 47.5881 68.9632
54.2469 64.0214 71.9993
51.9009 61.0413 72.0008
47.6585 57.9689 71.9992
47.6187 52.4945 72.0007
52.7236 49.5578 72.0003
64.3609 83.9999 52.7118
62.2198 84.0001 49.0667
65.1637 84.0001 45.3488
63.065 84.0006 40.8281
61.5585 84.0009 52.6181
61.875 72.5943 71.9999
62.0003 72.4071 71.999
55.6378 78.3585 71.9992
56.8501 56.3771 72.0004
61.4353 72.72 71.9991
45.0005 60.0783 66.7849
45.0005 57.2707 69.3604
44.9994 52.4368 67.3284
44.9997 67.2739 61.5758
83.9995 58.2362 57.591
84.0012 54.8783 56.7383
84.0011 51.8873 54.3002
83.9991 74.273 70.655
81.3322 72.4308 71.9993
44.9991 63.7166 59.8728
45.0005 62.29 57.6593
44.9996 59.1776 58.1589
44.9994 55.1933 57.5375
58.6326 76.249 72.0008
57.2072 76.8561 72.0007
62.1538 72.6765 71.9999
62.1287 72.5163 71.999
62.3043 72.6161 71.9998
62.5005 72.5033 72.0007
62.4782 72.7454 71.9992
62.4388 72.2507 71.9997
62.297 72.0006 72.0007
62.4838 71.6417 71.9993
62.5107 71.135 72.0003
61.9602 70.8363 72.0008
61.9913 70.0082 72.0002
61.058 69.0272 72.0012
59.4053 68.2177 72.0011
63.0991 70.9203 72
63.8026 70.1849 72.0006
64.2202 68.1103 72.0006
62.1577 68.9154 72.0003
59.7189 69.8975 72.0007
63.7544 69.0959 71.9991
63.0516 68.1609 71.9993
63.5823 66.8984 72.0005
62.8231 64.8684 71.9996
65.2635 63.0687 72.0008
61.5383 62.2604 72.0004
62.0069 71.9078 71.9991
61.7711 71.6131 71.9998
61.3906 71.1091 72.0009
60.229 70.9528 72.0004
60.7616 71.3893 72.0001
61.781 71.21 72.0002
64.8809 69.0254 71.9995
66.3549 69.207 71.9999
65.5398 67.8536 72.0007
66.1753 66.4144 72.0009
68.4336 66.1567 72.0008
65.7817 64.7246 72.0001
70.4532 64.7866 72.0002
73.0285 65.755 72.0009
75.9974 63.4257 72.0011
76.0172 66.5076 72.0002
67.9076 69.004 72
69.3897 69.9854 71.9997
71.7555 70.0221 72.0006
61.789 73.3325 72.0012
80.6837 84.0001 32.0471
60.4119 72.6924 72
62.7029 72.2699 72.0001
62.9558 71.9923 72.001
63.4647 71.6607 72.001
62.9854 72.3794 72.001
63.254 72.5421 72.0008
67.4126 77.4865 72.0009
68.1857 76.889 71.9993
68.098 77.5744 71.9995
68.9712 77.3379 71.9993
69.9554 76.9716 71.9992
70.0746 75.7391 72.001
71.6024 75.0999 72.0009
72.0101 72.9997 72
68.7385 74.8787 71.9997
72.8353 76.5354 72.0005
74.2252 74.8154 72.0003
77.3996 73.5471 71.9997
68.8621 73.2106 72.0006
84.0011 75.2359 68.5641
84.0001 77.6807 66.9244
83.9998 57.2325 55.4382
63.5282 72.3798 71.999
63.6388 72.0077 72.0004
64.3761 71.7772 71.9993
64.7452 70.93 71.9998
63.9178 71.6506 71.9995
59.0646 77.4788 72.0003
59.2422 78.9249 72.001
57.8676 79.8565 72.0002
57.5686 81.676 71.9998
59.2045 82.8464 72.0007
61.0126 81.845 72.0005
58.5699 83.9994 65.7446
84.0002 60.4385 54.07
83.9998 63.7064 53.1282
84.0007 58.5603 53.2243
84.0004 57.5956 50.2954
84.0011 56.4952 45.4148
56.6361 70.7942 72.0005
54.5874 70.4668 72.0001
52.5955 69.0117 72.0005
56.657 69.0273 72.0003
56.3592 67.2367 72
54.3146 66.2785 72.0005
56.9138 65.3762 72.0008
58.5542 74.4251 72.0009
69.716 78.013 71.9987
61.9474 84.0004 61.4363
62.4802 84 27.9946
76.3415 75.5055 71.9994
76.798 77.7008 71.9999
79.011 79.5375 72.0009
75.0931 79.2374 72.0005
45.0005 77.6823 48.8675
44.9993 78.0407 44.9696
44.9996 74.3389 47.1375
44.9994 78.8199 39.8105
45 79.9329 33.854
49.9812 83.9999 34.3692
52.0831 83.9992 27.5443
61.2487 73.5699 72.0009
61.1171 73.8821 71.9992
60.7062 74.0883 71.9996
61.1208 73.3275 72.0001
60.9996 73.0544 71.9995
60.7552 72.793 72.0007
51.8855 44.9993 31.4377
52.3832 44.9998 34.6163
62.429 72.9576 72.001
79.1909 84.0002 23.2125
51.2077 84.0011 40.9256
53.5919 84.0003 59.6243
50.591 83.9993 60.8046
62.2367 72.9137 72.0009
61.5767 72.3665 72.0001
61.376 72.0848 72.0007
60.9521 71.9381 72.0004
61.7214 72.2036 71.9992
3  454 455 27
3  215 2 183
3  430 325 361
3  638 479 23
3  177 263 49
3  624 299 459
3  527 544 526
3  607 16 532
3  575 441 120
3  219 27 487
3  417 418 14
3  54 465 179
3  54 179 489
3  88 130 273
3  490 610 411
3  332 326 307
3  114 81 224
3  458 459 126
3  31 172 80
3  403 402 35
3  48 21 28
3  516 515 140
3  157 488 496
3  421 14 418
3  87 318 332
3  87 332 307
3  547 187 548
3  511 151 138
3  116 285 103
3  546 548 109
3  518 238 519
3  205 12 532
3  276 156 228
3  566 525 523
3  62 94 307
3  90 37 33
3  430 326 431
3  7 479 637
3  437 306 253
3  162 132 166
3  368 132 162
3  293 390 420
3  157 487 488
3  242 237 343
3  498 460 35
3  105 581 580
3  483 295 484
3  211 324 400
3  46 295 196
3  422 421 292
3  170 114 173
3  72 52 208
3  6 27 455
3  151 602 603
3  286 4 3
3  56 76 466
3  229 76 56
3  534 20 590
3  391 97 77
3  132 398 387
3  132 617 398
3  474 369 401
3  196 271 509
3  86 208 73
3  268 587 588
3  43 141 327
3  127 27 219
3  218 127 401
3  243 187 244
3  168 192 191
3  469 108 146
3  321 287 135
3  56 356 254
3  229 56 254
3  164 175 134
3  331 455 330
3  71 331 330
3  156 34 228
3  285 34 156
3  279 224 42
3  498 459 460
3  329 93 328
3  75 49 275
3  110 183 2
3  264 73 209
3  44 415 69
3  73 264 38
3  386 545 109
3  176 86 73
3  185 427 71
3  25 84 217
3  632 275 133
3  218 454 127
3  19 314 8
3  19 625 314
3  244 443 66
3  190 110 2
3  147 504 469
3  41 428 427
3  486 495 266
3  55 178 81
3  337 423 209
3  369 474 475
3  449 448 241
3  137 500 385
3  103 111 164
3  456 128 106
3  514 140 515
3  94 62 220
3  169 440 439
3  510 586 348
3  209 406 337
3  443 245 444
3  195 121 17
3  529 365 528
3  491 490 312
3  48 461 131
3  288 3 508
3  133 111 276
3  167 74 39
3  455 145 426
3  561 560 260
3  137 457 520
3  381 147 379
3  81 178 224
3  189 65 122
3  57 122 65
3  181 189 122
3  312 490 411
3  60 2 215
3  367 349 17
3  58 17 349
3  199 113 160
3  121 194 196
3  22 47 310
3  61 325 323
3  144 28 21
3  174 177 49
3  223 622 623
3  223 623 624
3  467 146 234
3  295 121 196
3  449 376 239
3  132 387 166
3  83 61 323
3  173 621 18
3  584 40 44
3  554 358 560
3  330 426 226
3  249 330 226
3  63 52 160
3  63 333 52
3  127 454 27
3  392 11 135
3  209 73 208
3  408 315 316
3  102 198 197
3  643 380 501
3  106 128 255
3  254 255 128
3  568 588 591
3  131 461 259
3  341 155 486
3  55 285 178
3  415 31 414
3  114 279 173
3  131 252 305
3  163 317 274
3  228 34 86
3  75 174 49
3  445 238 444
3  191 192 112
3  544 643 129
3  369 7 218
3  177 175 263
3  164 263 175
3  116 178 285
3  53 343 345
3  98 11 471
3  25 217 219
3  176 228 86
3  620 619 621
3  292 418 419
3  208 52 96
3  519 445 502
3  170 309 393
3  57 29 122
3  100 565 243
3  344 345 343
3  605 606 152
3  115 177 174
3  39 435 313
3  313 435 437
3  212 432 433
3  399 105 580
3  511 510 348
3  483 350 295
3  423 453 149
3  601 599 150
3  154 30 170
3  318 90 97
3  318 97 332
3  403 35 460
3  486 266 85
3  25 280 84
3  485 273 484
3  485 484 46
3  274 138 151
3  272 138 274
3  18 185 0
3  247 38 264
3  340 494 119
3  340 119 453
3  60 215 347
3  90 215 37
3  335 159 334
3  335 334 338
3  243 66 237
3  61 51 325
3  370 320 250
3  104 192 328
3  104 328 93
3  642 548 187
3  161 13 388
3  50 13 161
3  339 337 406
3  244 604 443
3  122 225 181
3  29 225 122
3  636 458 429
3  64 248 249
3  72 208 86
3  288 135 286
3  318 184 347
3  318 87 184
3  232 287 321
3  232 321 322
3  438 206 439
3  435 21 437
3  226 426 23
3  638 23 426
3  167 206 74
3  637 479 638
3  0 185 82
3  362 1 85
3  429 331 428
3  429 428 41
3  463 294 465
3  463 465 32
3  579 221 583
3  30 508 309
3  533 201 568
3  629 100 236
3  617 618 398
3  617 616 618
3  108 101 235
3  582 222 581
3  604 605 245
3  114 224 279
3  502 239 376
3  351 169 206
3  378 298 231
3  284 439 207
3  601 150 602
3  75 227 174
3  24 189 181
3  538 550 535
3  131 270 252
3  219 487 157
3  124 373 593
3  559 473 558
3  94 220 35
3  383 101 470
3  281 283 155
3  340 453 452
3  417 291 418
3  463 462 149
3  463 149 180
3  104 351 112
3  432 26 433
3  575 193 574
3  415 414 195
3  167 39 191
3  402 184 35
3  515 200 393
3  294 180 216
3  45 281 476
3  519 238 445
3  245 152 446
3  0 82 319
3  243 244 66
3  216 180 360
3  186 2 60
3  24 186 60
3  23 377 405
3  480 377 23
3  390 253 292
3  589 590 20
3  126 459 498
3  573 572 571
3  318 347 215
3  7 477 478
3  112 351 206
3  307 94 87
3  305 422 253
3  532 12 311
3  390 437 253
3  272 274 89
3  88 272 89
3  352 104 211
3  93 211 104
3  73 38 409
3  416 264 209
3  409 38 407
3  99 392 370
3  568 591 20
3  198 316 317
3  152 447 446
3  40 415 44
3  359 542 555
3  469 470 108
3  154 319 30
3  169 123 440
3  15 247 88
3  514 308 140
3  541 555 542
3  323 325 141
3  64 249 320
3  415 33 31
3  610 311 12
3  610 12 411
3  117 519 502
3  54 32 465
3  425 182 394
3  565 187 243
3  6 331 429
3  8 36 297
3  81 114 393
3  436 74 438
3  221 153 583
3  465 294 179
3  482 5 210
3  596 482 210
3  493 506 492
3  493 492 233
3  173 18 0
3  98 448 451
3  98 471 448
3  181 225 79
3  298 128 456
3  229 128 298
3  518 519 592
3  95 462 32
3  190 2 186
3  409 407 143
3  304 14 421
3  387 398 43
3  62 85 266
3  268 588 568
3  186 24 79
3  285 156 103
3  51 362 361
3  75 275 632
3  202 533 534
3  153 561 260
3  34 55 199
3  455 454 145
3  197 134 175
3  197 175 177
3  197 177 115
3  102 197 115
3  34 199 72
3  34 72 86
3  394 198 317
3  163 394 317
3  489 179 78
3  489 78 350
3  72 199 160
3  72 160 52
3  414 31 194
3  174 227 115
3  154 173 0
3  297 36 164
3  103 164 36
3  312 411 412
3  163 425 394
3  591 589 20
3  193 48 572
3  620 41 619
3  429 41 620
3  294 463 180
3  194 31 80
3  537 107 531
3  103 156 111
3  276 111 156
3  384 187 565
3  592 519 117
3  423 464 416
3  350 349 367
3  609 70 606
3  375 376 240
3  229 254 128
3  419 418 291
3  29 182 225
3  425 225 182
3  47 140 310
3  337 453 423
3  144 434 436
3  490 322 70
3  170 173 154
3  325 327 141
3  532 537 531
3  245 605 152
3  317 89 274
3  316 89 317
3  573 574 572
3  42 224 278
3  440 207 439
3  218 7 637
3  15 408 407
3  407 408 143
3  409 143 410
3  548 546 107
3  296 476 613
3  101 629 235
3  287 286 135
3  75 632 633
3  632 276 633
3  371 442 57
3  133 275 277
3  164 111 277
3  133 277 111
3  277 49 263
3  277 263 164
3  275 49 277
3  534 59 550
3  12 541 543
3  314 278 36
3  314 36 8
3  202 534 538
3  245 446 444
3  518 592 188
3  95 130 464
3  413 119 503
3  396 123 352
3  288 392 135
3  606 70 451
3  628 343 53
3  539 205 536
3  629 626 235
3  469 214 147
3  205 532 531
3  259 260 59
3  142 626 627
3  360 180 204
3  564 189 118
3  564 118 402
3  308 3 4
3  118 347 184
3  118 184 402
3  559 557 139
3  591 258 589
3  280 25 283
3  22 310 505
3  573 571 284
3  70 609 490
3  100 242 236
3  153 562 561
3  503 412 413
3  370 30 320
3  370 68 30
3  601 586 67
3  15 38 247
3  262 556 557
3  603 602 110
3  54 91 404
3  54 489 91
3  324 83 323
3  464 149 462
3  396 397 123
3  396 400 397
3  144 436 571
3  222 578 581
3  584 585 40
3  500 380 381
3  501 380 500
3  194 80 271
3  436 438 284
3  628 53 627
3  62 307 85
3  554 555 553
3  568 201 567
3  530 107 529
3  155 341 281
3  57 442 29
3  200 517 113
3  190 186 79
3  91 483 484
3  207 574 573
3  354 53 345
3  250 99 370
3  194 271 196
3  463 32 462
3  46 510 511
3  311 610 608
3  298 378 76
3  462 95 464
3  413 204 180
3  131 259 270
3  600 150 599
3  600 599 9
3  348 601 602
3  98 451 321
3  98 321 11
3  493 507 506
3  504 470 469
3  322 321 451
3  322 451 70
3  75 633 227
3  310 140 308
3  509 271 67
3  276 228 633
3  633 228 176
3  227 633 176
3  361 325 51
3  622 278 623
3  376 377 240
3  481 240 377
3  480 481 377
3  54 404 32
3  620 621 42
3  279 42 621
3  25 219 283
3  159 342 47
3  288 286 3
3  164 134 297
3  218 637 454
3  477 475 476
3  549 529 546
3  244 16 604
3  616 615 105
3  107 537 547
3  587 258 588
3  523 525 363
3  436 284 571
3  207 573 284
3  281 341 282
3  295 350 367
3  212 282 341
3  63 160 342
3  252 270 269
3  270 258 269
3  267 125 269
3  574 193 572
3  213 125 267
3  213 267 257
3  267 171 257
3  637 145 454
3  268 567 569
3  484 295 46
3  335 342 159
3  171 566 523
3  339 452 337
3  7 478 479
3  630 100 629
3  309 515 393
3  242 243 237
3  100 243 242
3  103 36 116
3  278 116 36
3  224 116 278
3  39 434 435
3  21 48 306
3  256 257 634
3  572 48 28
3  421 418 292
3  490 609 610
3  211 400 396
3  211 396 352
3  304 421 422
3  305 304 422
3  48 131 306
3  202 366 533
3  595 240 482
3  595 375 240
3  47 516 140
3  416 130 264
3  268 570 587
3  587 269 258
3  129 526 544
3  50 585 584
3  516 200 515
3  149 119 413
3  453 119 149
3  310 308 4
3  381 382 147
3  504 147 382
3  212 1 362
3  435 144 21
3  313 437 390
3  169 439 206
3  293 313 390
3  74 206 438
3  168 191 313
3  168 313 293
3  593 594 374
3  97 391 162
3  97 162 431
3  318 215 90
3  639 456 106
3  300 480 479
3  126 498 497
3  30 319 320
3  577 576 120
3  442 297 134
3  220 497 35
3  401 369 218
3  189 60 347
3  253 306 305
3  333 96 52
3  307 362 85
3  40 77 415
3  431 332 97
3  326 332 431
3  97 90 77
3  229 298 76
3  148 234 235
3  166 430 431
3  559 558 557
3  464 130 416
3  242 343 628
3  160 113 342
3  338 339 96
3  335 338 333
3  63 342 335
3  63 335 333
3  212 341 1
3  508 3 514
3  99 405 241
3  321 135 11
3  239 447 449
3  507 22 506
3  159 22 507
3  338 334 339
3  38 15 407
3  199 55 424
3  184 94 35
3  184 87 94
3  311 607 532
3  237 344 343
3  344 188 345
3  142 627 53
3  207 612 574
3  539 536 202
3  146 108 234
3  575 574 612
3  384 383 136
3  273 404 91
3  273 91 484
3  607 608 355
3  58 179 294
3  78 179 58
3  309 514 515
3  78 58 349
3  78 349 350
3  352 351 104
3  169 351 352
3  93 324 211
3  83 26 432
3  30 68 508
3  503 312 412
3  284 438 439
3  434 74 436
3  254 356 230
3  357 230 356
3  254 230 255
3  255 230 92
3  289 92 230
3  289 230 357
3  623 278 158
3  91 489 483
3  551 358 552
3  172 33 37
3  222 582 251
3  431 162 166
3  212 51 61
3  271 80 9
3  80 172 9
3  543 412 411
3  414 194 121
3  216 360 262
3  195 414 121
3  382 136 504
3  327 325 430
3  492 491 233
3  622 42 278
3  67 271 9
3  77 90 33
3  307 326 362
3  326 361 362
3  373 188 592
3  144 571 28
3  367 121 295
3  367 17 121
3  222 251 139
3  342 113 517
3  58 216 17
3  58 294 216
3  504 383 470
3  299 624 625
3  281 282 476
3  505 4 287
3  257 524 634
3  479 480 23
3  606 451 152
3  372 371 57
3  371 297 442
3  365 549 545
3  117 502 594
3  508 514 309
3  597 596 210
3  130 88 247
3  594 502 375
3  597 374 596
3  461 583 153
3  516 47 517
3  531 107 530
3  15 315 408
3  334 452 339
3  503 119 494
3  27 6 487
3  471 241 448
3  471 99 241
3  426 145 638
3  379 147 214
3  378 379 214
3  296 477 476
3  564 65 189
3  501 500 137
3  501 137 521
3  561 261 560
3  629 236 626
3  385 379 378
3  66 443 444
3  575 612 441
3  440 441 612
3  386 643 544
3  7 369 477
3  389 26 83
3  434 144 435
3  95 32 404
3  324 141 400
3  619 41 427
3  370 392 68
3  389 83 324
3  112 206 167
3  112 167 191
3  93 389 324
3  329 389 93
3  192 168 124
3  5 26 389
3  5 389 329
3  488 126 496
3  12 543 411
3  395 394 182
3  198 394 395
3  134 395 182
3  134 197 395
3  198 395 197
3  400 43 397
3  400 141 43
3  84 401 217
3  401 127 217
3  287 4 286
3  118 189 347
3  155 499 495
3  398 397 43
3  398 399 397
3  387 43 327
3  425 190 79
3  425 79 225
3  123 399 441
3  123 441 440
3  120 441 580
3  580 441 399
3  123 397 399
3  24 60 189
3  273 95 404
3  296 472 598
3  250 405 99
3  427 428 71
3  331 71 428
3  23 405 226
3  250 226 405
3  344 238 518
3  440 612 207
3  517 47 342
3  406 209 208
3  96 406 208
3  96 339 406
3  638 145 637
3  178 116 224
3  227 176 410
3  410 115 227
3  410 143 102
3  215 183 37
3  77 33 415
3  217 127 219
3  192 104 112
3  315 89 316
3  21 306 437
3  202 530 366
3  143 408 102
3  62 266 220
3  368 162 391
3  96 333 338
3  554 560 261
3  380 382 381
3  640 382 380
3  360 359 262
3  39 74 434
3  461 260 259
3  306 131 305
3  556 262 359
3  55 34 285
3  124 168 293
3  88 273 272
3  171 523 524
3  253 422 292
3  447 448 449
3  581 578 577
3  0 319 154
3  352 123 169
3  191 39 313
3  443 604 245
3  115 410 102
3  176 73 410
3  410 73 409
3  205 540 541
3  491 322 490
3  55 81 424
3  204 543 542
3  205 531 536
3  251 559 139
3  232 322 492
3  491 492 322
3  468 466 76
3  378 468 76
3  504 136 383
3  413 412 204
3  209 423 416
3  199 424 113
3  424 200 113
3  424 393 200
3  81 393 424
3  511 348 151
3  605 355 606
3  425 163 190
3  316 198 102
3  6 429 458
3  316 102 408
3  621 619 18
3  326 430 361
3  399 398 618
3  618 105 399
3  166 327 430
3  578 153 221
3  616 388 615
3  432 212 61
3  40 391 77
3  181 79 24
3  83 432 61
3  252 304 305
3  303 304 252
3  252 269 303
3  303 269 125
3  223 620 622
3  223 429 620
3  125 302 303
3  303 302 14
3  302 246 14
3  246 417 14
3  353 417 246
3  282 212 433
3  251 473 559
3  473 195 17
3  473 17 216
3  420 419 10
3  419 291 10
3  291 354 10
3  473 69 195
3  415 195 69
3  251 69 473
3  236 242 628
3  353 291 417
3  292 419 420
3  420 390 292
3  256 634 106
3  488 6 458
3  303 14 304
3  134 182 29
3  134 29 442
3  324 323 141
3  448 152 451
3  300 598 482
3  293 373 124
3  99 11 392
3  447 152 448
3  192 597 328
3  377 376 450
3  449 450 376
3  405 377 450
3  450 449 241
3  405 450 241
3  445 447 239
3  479 478 300
3  22 159 47
3  82 64 319
3  319 64 320
3  615 582 581
3  497 498 35
3  298 456 231
3  64 82 248
3  455 426 330
3  249 71 330
3  248 71 249
3  185 71 248
3  248 82 185
3  6 455 331
3  173 279 621
3  502 445 239
3  18 619 185
3  137 231 457
3  385 231 137
3  363 525 129
3  635 65 564
3  635 564 403
3  268 568 567
3  533 568 20
3  205 541 12
3  487 6 488
3  489 350 483
3  488 458 126
3  461 153 260
3  371 8 297
3  299 460 459
3  615 581 105
3  571 572 28
3  296 613 472
3  513 251 582
3  616 105 618
3  464 423 149
3  413 180 149
3  56 467 356
3  466 467 56
3  276 632 133
3  11 99 471
3  459 458 636
3  470 101 108
3  378 214 468
3  468 146 466
3  214 469 468
3  146 468 469
3  402 403 564
3  373 346 188
3  188 346 345
3  345 346 10
3  346 420 10
3  354 345 10
3  433 26 472
3  346 293 420
3  293 346 373
3  446 447 445
3  5 472 26
3  538 539 202
3  280 474 84
3  300 482 481
3  482 240 481
3  369 475 477
3  84 474 401
3  500 379 385
3  381 379 500
3  383 630 101
3  444 446 445
3  642 641 109
3  19 8 371
3  19 371 372
3  19 372 614
3  628 627 236
3  299 625 614
3  19 614 625
3  310 4 505
3  532 16 537
3  614 372 403
3  614 403 460
3  299 614 460
3  624 158 625
3  624 623 158
3  235 626 142
3  101 630 629
3  278 314 158
3  625 158 314
3  161 617 132
3  161 132 368
3  505 287 232
3  585 391 40
3  619 427 185
3  387 327 166
3  523 522 524
3  375 502 376
3  296 598 478
3  372 57 635
3  372 635 403
3  554 553 358
3  1 486 85
3  272 273 138
3  273 485 138
3  511 138 485
3  46 511 485
3  491 312 233
3  59 551 550
3  506 505 232
3  506 232 492
3  22 505 506
3  155 495 486
3  170 393 114
3  481 480 300
3  495 496 266
3  452 453 337
3  312 503 233
3  233 503 494
3  129 501 363
3  497 496 126
3  266 496 497
3  220 266 497
3  283 499 155
3  495 499 496
3  499 157 496
3  219 157 499
3  219 499 283
3  159 507 336
3  159 336 334
3  334 336 340
3  340 336 494
3  494 336 493
3  507 493 336
3  493 233 494
3  334 340 452
3  68 288 508
3  130 247 264
3  570 269 587
3  510 196 509
3  510 46 196
3  130 95 273
3  172 600 9
3  282 613 476
3  514 3 308
3  368 391 585
3  50 161 368
3  50 368 585
3  513 44 69
3  513 69 251
3  200 516 517
3  599 67 9
3  344 518 188
3  501 521 363
3  617 388 616
3  520 521 137
3  521 522 363
3  171 524 257
3  523 363 522
3  635 57 65
3  570 267 269
3  364 527 526
3  525 526 129
3  547 244 187
3  566 364 525
3  386 544 545
3  525 364 526
3  528 527 201
3  528 365 527
3  366 530 529
3  280 45 474
3  567 201 527
3  108 235 234
3  45 476 475
3  475 474 45
3  562 261 561
3  554 359 555
3  609 608 610
3  30 309 170
3  539 538 535
3  261 556 554
3  59 260 551
3  366 529 528
3  547 537 244
3  534 590 59
3  588 258 591
3  533 528 201
3  280 281 45
3  280 283 281
3  366 528 533
3  534 550 538
3  533 20 534
3  536 530 202
3  531 530 536
3  68 392 288
3  537 16 244
3  599 601 67
3  540 203 541
3  542 543 541
3  512 584 44
3  512 44 513
3  204 412 543
3  544 365 545
3  535 203 540
3  527 365 544
3  542 360 204
3  540 205 539
3  535 540 539
3  359 360 542
3  139 261 562
3  107 547 548
3  641 643 386
3  365 529 549
3  529 107 546
3  1 341 486
3  552 358 553
3  384 641 642
3  549 546 545
3  384 642 187
3  642 109 548
3  545 546 109
3  535 552 203
3  535 550 552
3  550 551 552
3  579 48 193
3  615 388 582
3  552 553 203
3  554 556 359
3  203 555 541
3  203 553 555
3  556 261 557
3  31 33 172
3  139 557 261
3  551 260 560
3  576 577 221
3  551 560 358
3  558 262 557
3  558 216 262
3  216 558 473
3  212 362 51
3  562 222 139
3  579 193 576
3  579 576 221
3  563 234 148
3  357 563 148
3  356 467 563
3  357 356 563
3  467 234 563
3  569 567 566
3  569 267 570
3  569 570 268
3  589 258 270
3  567 364 566
3  364 567 527
3  617 161 388
3  48 579 461
3  581 577 580
3  569 566 171
3  171 267 569
3  580 577 120
3  578 222 562
3  578 221 577
3  562 153 578
3  575 120 576
3  575 576 193
3  579 583 461
3  50 584 512
3  50 512 13
3  13 512 513
3  13 513 388
3  388 513 582
3  586 509 67
3  510 509 586
3  259 589 270
3  259 590 589
3  259 59 590
3  602 150 110
3  192 124 597
3  300 478 598
3  5 329 210
3  328 597 210
3  329 328 210
3  597 124 374
3  124 593 374
3  595 594 375
3  374 594 595
3  5 598 472
3  595 482 596
3  374 595 596
3  598 5 482
3  373 592 593
3  593 592 117
3  117 594 593
3  604 16 607
3  348 586 601
3  600 37 183
3  172 37 600
3  600 110 150
3  183 110 600
3  151 348 602
3  190 603 110
3  603 190 163
3  163 274 603
3  274 151 603
3  315 88 89
3  15 88 315
3  604 607 605
3  607 355 605
3  607 311 608
3  355 609 606
3  355 608 609
3  611 237 66
3  444 611 66
3  611 444 238
3  611 238 344
3  477 296 478
3  237 611 344
3  626 236 627
3  433 472 613
3  353 354 291
3  353 165 354
3  165 53 354
3  142 53 165
3  289 142 165
3  148 142 289
3  148 235 142
3  357 148 289
3  290 92 289
3  301 92 290
3  256 92 301
3  255 92 256
3  466 146 467
3  385 378 231
3  457 231 456
3  520 457 265
3  522 520 265
3  521 520 522
3  522 265 524
3  640 136 382
3  213 257 256
3  106 255 256
3  256 301 213
3  213 301 302
3  302 301 246
3  301 290 246
3  246 290 353
3  353 290 165
3  290 289 165
3  125 213 302
3  282 433 613
3  384 631 383
3  631 630 383
3  630 631 100
3  631 565 100
3  384 565 631
3  636 624 459
3  622 620 42
3  223 636 429
3  223 624 636
3  249 226 250
3  320 249 250
3  265 457 639
3  639 457 456
3  634 265 639
3  524 265 634
3  634 639 106
3  109 641 386
3  643 640 380
3  643 501 129
3  641 640 643
3  384 136 641
3  641 136 640

